5270-4267-6450-5516
5370-4638-8881-3020
4916-9766-5240-6147
5180-3807-3679-8221
4929-3813-3266-4295
4916 4811 5814 8111
5218 0144 2703 9266
4916 4034 9269 8783
4532 1753 6071 1112
4539 5385 7425 5825
5325 3256 9519 6624
4532 4220 6922 9909
4532 0065 1968 5602
4556 0072 1294 7415
5527 1247 5046 7780
5299 1561 5689 1938
5144 8691 2776 1108
4532 9929 3036 9308
4539 0031 3703 0728
4716 6984 4983 6160
5548 0246 6336 5664
4916 6734 7572 5015
5399 0706 4128 0178
5293 8502 0071 3058
5495 8602 4508 6804
5413 4428 0145 0036
4539 8219 0484 7598
5252 5971 4219 4116

